[app/ui]
version = 8.2.5
modtime = 1661180676.067957000

[app/launcher]
version = 8.2.5
modtime = 1661180676.070834000

[app/install/install_source_checksum]
version = 8.2.5
modtime = 1661181768.791968000

[views/high_level]
owner = admin
version = 8.2.5
modtime = 1661246167.427945000
