[app/ui]
version = 8.2.5
modtime = 1661180676.067957000

[app/launcher]
version = 8.2.5
modtime = 1661180676.070834000
